,Optim_params_exp,Optim_params_lin,cell,experiment_id,image_name,r_sq_exp,r_sq_lin,session_type
0,"[array([ 0.07881695,  1.15540624,  0.01009026]), array([[  4.38499509e-04,   3.95961214e-03,  -1.05032210e-05],
       [  3.95961214e-03,   5.40217764e-01,   5.56285109e-04],
       [ -1.05032210e-05,   5.56285109e-04,   1.16604679e-05]])]","[array([ 0.01934626, -0.0003225 ]), array([[  5.41348438e-05,  -2.00499421e-06],
       [ -2.00499421e-06,   1.00249710e-07]])]",0,652844352,im066,0.285310296145,0.0259118449629,behavior_session_A
1,"[array([ -0.07304252,  20.55211896,   0.02706967]), array([[  2.54389883e-03,   6.17384369e+04,  -6.35974703e-05],
       [  6.17384369e+04,   2.39735468e+15,  -6.17384978e+04],
       [ -6.35974703e-05,  -6.17384978e+04,   6.35974697e-05]])]","[array([ 0.04441824, -0.0009565 ]), array([[  2.27243365e-04,  -8.41642099e-06],
       [ -8.41642099e-06,   4.20821053e-07]])]",0,652844352,im061,0.0523352475366,0.05280229375,behavior_session_A
2,"[array([-0.03876819,  1.65153233,  0.0076764 ]), array([[  3.41112791e-04,  -6.63701154e-03,  -8.66282850e-06],
       [ -6.63701154e-03,   5.60298386e+00,  -1.38874600e-03],
       [ -8.66282850e-06,  -1.38874600e-03,   8.99352313e-06]])]","[array([-0.00076843,  0.00037157]), array([[  3.32024051e-05,  -1.26085082e-06],
       [ -1.26085082e-06,   6.46590174e-08]])]",0,652844352,im062,0.108649684914,0.0532030851749,behavior_session_A
3,"[array([-0.01312792,  1.94256659, -0.00874184]), array([[  4.23270677e-04,  -2.39058649e-02,  -1.05559861e-05],
       [ -2.39058649e-02,   1.13443312e+02,  -6.41390417e-03],
       [ -1.05559861e-05,  -6.41390417e-03,   1.07774092e-05]])]","[array([-0.01235957,  0.0001622 ]), array([[  3.79134865e-05,  -1.40420320e-06],
       [ -1.40420320e-06,   7.02101594e-08]])]",0,652844352,im069,0.0107276950534,0.00951642671841,behavior_session_A
4,"[array([ -1.66794069e-02,   2.08775962e+01,   9.28605424e-03]), array([[  2.17577431e-04,   5.32408421e+04,  -5.57890842e-06],
       [  5.32408421e+04,   1.98155076e+16,  -5.32408416e+04],
       [ -5.57890842e-06,  -5.32408416e+04,   5.57890837e-06]])]","[array([ 0.0125422 , -0.00018837]), array([[  2.00949930e-05,  -7.63100999e-07],
       [ -7.63100999e-07,   3.91333843e-08]])]",0,652844352,im085,0.0334246589266,0.023304087825,behavior_session_A
5,"[array([ 0.05399598,  0.30180236,  0.01185292]), array([[  3.26386738e-04,   1.59658320e-03,  -7.83576200e-06],
       [  1.59658320e-03,   3.36014152e-02,   3.41184288e-04],
       [ -7.83576200e-06,   3.41184288e-04,   1.72882454e-05]])]","[array([ 0.03353726, -0.00084629]), array([[  4.71201506e-05,  -1.78937280e-06],
       [ -1.78937280e-06,   9.17627072e-08]])]",0,652844352,im065,0.239246507452,0.17039725452,behavior_session_A
6,"[array([ 0.0260199 ,  0.14916864,  0.01315366]), array([[  2.12602340e-04,   1.01422055e-03,  -8.68894646e-06],
       [  1.01422055e-03,   2.88212034e-02,   6.15214113e-04],
       [ -8.68894646e-06,   6.15214113e-04,   2.94617643e-05]])]","[array([ 0.0257415 , -0.00039637]), array([[  4.37626541e-05,  -1.58178268e-06],
       [ -1.58178268e-06,   7.71601308e-08]])]",0,652844352,im063,0.0893592928297,0.0484386416561,behavior_session_A
7,"[array([ 0.06350263,  0.33256347,  0.00716735]), array([[  4.01139469e-04,   1.84433894e-03,  -8.77751480e-06],
       [  1.84433894e-03,   3.58949475e-02,   3.30944582e-04],
       [ -8.77751480e-06,   3.30944582e-04,   1.80663977e-05]])]","[array([ 0.02508348, -0.00061326]), array([[  5.93359039e-05,  -2.14467121e-06],
       [ -2.14467121e-06,   1.04618107e-07]])]",0,652844352,im077,0.252340974095,0.0824618557704,behavior_session_A
8,"[array([ -0.06961543,  21.10060557,   0.03164543]), array([[  5.93290059e-03,   1.00495934e+05,  -1.48322514e-04],
       [  1.00495934e+05,   2.72364561e+15,  -1.00496013e+05],
       [ -1.48322514e-04,  -1.00496013e+05,   1.48322514e-04]])]","[array([  3.02026840e-02,  -1.27593858e-05]), array([[  5.41642974e-04,  -2.00608449e-05],
       [ -2.00608449e-05,   1.00304199e-06]])]",1,652844352,im066,0.0210566562322,4.16172670659e-06,behavior_session_A
9,"[array([-0.04640307,  2.80241928,  0.00336333]), array([[  1.42062534e-03,  -1.62930432e-02,  -3.56219920e-05],
       [ -1.62930432e-02,   1.76912364e+02,  -1.33866082e-02],
       [ -3.56219920e-05,  -1.33866082e-02,   3.57543106e-05]])]","[array([ 0.00646615, -0.00021538]), array([[  1.31396750e-04,  -4.86654628e-06],
       [ -4.86654628e-06,   2.43327314e-07]])]",1,652844352,im061,0.0383955481072,0.00486470393445,behavior_session_A
10,"[array([-0.00692955,  2.46828192,  0.01069462]), array([[  8.04593430e-04,  -7.35881935e-02,  -2.06875309e-05],
       [ -7.35881935e-02,   2.29593902e+03,  -3.82196263e-02],
       [ -2.06875309e-05,  -3.82196263e-02,   2.08371249e-05]])]","[array([ 0.02347689, -0.00066521]), array([[  6.76923938e-05,  -2.57059725e-06],
       [ -2.57059725e-06,   1.31825500e-07]])]",1,652844352,im062,0.00161571646695,0.0811647457561,behavior_session_A
11,"[array([ -2.40275757e+02,   9.30394998e-06,   2.40230736e+02]), array([[ -1.31692992e+12,  -5.10033375e+04,   1.31692994e+12],
       [ -5.10033375e+04,  -1.97530662e-03,   5.10033380e+04],
       [  1.31692994e+12,   5.10033380e+04,  -1.31692995e+12]])]","[array([-0.04502095,  0.00223539]), array([[  8.72258532e-04,  -3.23058712e-05],
       [ -3.23058712e-05,   1.61529355e-06]])]",1,652844352,im069,0.073486844508,0.0734918818521,behavior_session_A
12,"[array([  4.62401448e-04,   1.49607883e+00,   9.66250020e-03]), array([[  1.12474324e-03,   1.82880518e+00,  -2.83710790e-05],
       [  1.82880518e+00,   9.16613115e+04,   3.35258815e-01],
       [ -2.83710790e-05,   3.35258815e-01,   2.98699456e-05]])]","[array([  7.91195627e-03,   9.05352476e-05]), array([[  1.03129795e-04,  -3.91632134e-06],
       [ -3.91632134e-06,   2.00836991e-07]])]",1,652844352,im085,5.32062576797e-06,0.00107285720843,behavior_session_A
13,"[array([ 0.01353838,  4.18988484,  0.01987385]), array([[  5.47857950e-03,  -3.61784385e-01,  -1.40654367e-04],
       [ -3.61784385e-01,   1.54005153e+05,   7.56071377e-01],
       [ -1.40654367e-04,   7.56071377e-01,   1.40681679e-04]])]","[array([ 0.03280332, -0.00064543]), array([[  4.95556411e-04,  -1.88185979e-05],
       [ -1.88185979e-05,   9.65056308e-07]])]",1,652844352,im065,0.000903502536409,0.0112318801637,behavior_session_A
14,"[array([ -2.42020930e-04,   2.76013926e+01,   1.18225729e-02]), array([[ inf,  inf,  inf],
       [ inf,  inf,  inf],
       [ inf,  inf,  inf]])]","[array([ 0.02316608, -0.00055362]), array([[  1.03284868e-04,  -3.73318799e-06],
       [ -3.73318799e-06,   1.82106730e-07]])]",1,652844352,im063,1.22076892972e-06,0.0403777533151,behavior_session_A
15,"[array([-0.08756992,  0.02967258,  0.07670004]), array([[ 0.13241296,  0.08281488, -0.14519178],
       [ 0.08281488,  0.0569133 , -0.09503278],
       [-0.14519178, -0.09503278,  0.16319794]])]","[array([-0.00353681,  0.00143567]), array([[  1.90494786e-03,  -6.88535367e-05],
       [ -6.88535367e-05,   3.35870912e-06]])]",1,652844352,im077,0.0162433902557,0.0151099787675,behavior_session_A
16,"[array([-0.0251171 ,  1.98875964,  0.01490484]), array([[  3.50736517e-04,  -1.02802844e-02,  -8.75404155e-06],
       [ -1.02802844e-02,   2.83049651e+01,  -2.89504559e-03],
       [ -8.75404155e-06,  -2.89504559e-03,   8.92115322e-06]])]","[array([ 0.01098132,  0.00016069]), array([[  3.25171741e-05,  -1.20433978e-06],
       [ -1.20433978e-06,   6.02169888e-08]])]",2,652844352,im066,0.0456589286767,0.0108752260037,behavior_session_A
17,"[array([ 0.01053739,  0.04873249, -0.0049719 ]), array([[ 0.00019576, -0.00189798, -0.00020693],
       [-0.00189798,  0.03169887,  0.00284862],
       [-0.00020693,  0.00284862,  0.00027713]])]","[array([ 0.0039413 , -0.00021212]), array([[  1.89976723e-05,  -7.03617488e-07],
       [ -7.03617488e-07,   3.51808741e-08]])]",2,652844352,im061,0.0343306907681,0.0317538901727,behavior_session_A
18,"[array([ -1.66967492e-02,   2.06637826e+01,   3.79550469e-03]), array([[  2.59273886e-04,   3.14961093e+04,  -6.64804837e-06],
       [  3.14961093e+04,   5.81948728e+15,  -3.14961259e+04],
       [ -6.64804837e-06,  -3.14961259e+04,   6.64804837e-06]])]","[array([  4.51588422e-03,  -5.83486300e-05]), array([[  2.43409793e-05,  -9.24340985e-07],
       [ -9.24340985e-07,   4.74021016e-08]])]",2,652844352,im062,0.0282579070528,0.00188651397428,behavior_session_A
19,"[array([  8.67464129e-03,   3.69202340e+01,   2.81395105e-03]), array([[ inf,  inf,  inf],
       [ inf,  inf,  inf],
       [ inf,  inf,  inf]])]","[array([-0.01110956,  0.00070675]), array([[  1.74512439e-04,  -6.46342362e-06],
       [ -6.46342362e-06,   3.23171180e-07]])]",2,652844352,im069,0.000976091421545,0.0381206709651,behavior_session_A
20,"[array([ 0.09392009,  0.42825959,  0.01095264]), array([[  5.01693823e-04,   1.95271909e-03,  -1.13885472e-05],
       [  1.95271909e-03,   3.55079576e-02,   3.07337905e-04],
       [ -1.13885472e-05,   3.07337905e-04,   1.97896334e-05]])]","[array([ 0.03297105, -0.0007835 ]), array([[  8.26246284e-05,  -3.13764409e-06],
       [ -3.13764409e-06,   1.60904825e-07]])]",2,652844352,im085,0.376836769733,0.0912375551792,behavior_session_A
21,"[array([  2.47507573e-02,   2.36362174e+01,   9.16497195e-03]), array([[ inf,  inf,  inf],
       [ inf,  inf,  inf],
       [ inf,  inf,  inf]])]","[array([ 0.01671753, -0.00035558]), array([[  4.01410547e-05,  -1.52434385e-06],
       [ -1.52434385e-06,   7.81714797e-08]])]",2,652844352,im065,0.0361842702802,0.0408261116785,behavior_session_A
22,"[array([ 0.02010638,  0.04636964, -0.00276675]), array([[ 0.00027734, -0.00135082, -0.00029731],
       [-0.00135082,  0.01072801,  0.00197743],
       [-0.00029731,  0.00197743,  0.00039274]])]","[array([ 0.01395782, -0.00037396]), array([[  2.47473315e-05,  -8.94481861e-07],
       [ -8.94481861e-07,   4.36332614e-08]])]",2,652844352,im063,0.0881404956954,0.0741819698222,behavior_session_A
23,"[array([-0.01319861,  0.11984941,  0.01383885]), array([[  1.11669850e-04,  -7.27963500e-04,  -8.14130359e-06],
       [ -7.27963500e-04,   4.68572399e-02,  -8.28245571e-04],
       [ -8.14130359e-06,  -8.28245571e-04,   2.58457721e-05]])]","[array([ 0.00693732,  0.00020182]), array([[  2.61878557e-05,  -9.46549007e-07],
       [ -9.46549007e-07,   4.61731226e-08]])]",2,652844352,im077,0.0426165846756,0.0215778272835,behavior_session_A
24,"[array([ 0.13764422,  1.86660114,  0.02273739]), array([[  4.62323258e-04,   2.51463449e-03,  -1.15121135e-05],
       [  2.51463449e-03,   9.59012098e-01,   6.24356777e-04],
       [ -1.15121135e-05,   6.24356777e-04,   1.17942925e-05]])]","[array([ 0.03519446, -0.00042429]), array([[  8.41414664e-05,  -3.11635062e-06],
       [ -3.11635062e-06,   1.55817531e-07]])]",3,652844352,im066,0.522447791976,0.0287712998911,behavior_session_A
25,"[array([-0.00584177,  1.36642748,  0.00453244]), array([[  3.66210230e-04,  -4.67331467e-02,  -8.92736670e-06],
       [ -4.67331467e-02,   1.37378564e+02,  -7.50475689e-03],
       [ -8.92736670e-06,  -7.50475689e-03,   9.55216270e-06]])]","[array([ 0.01353597, -0.00045974]), array([[  3.01025033e-05,  -1.11490754e-06],
       [ -1.11490754e-06,   5.57453770e-08]])]",3,652844352,im061,0.00255619321721,0.0886047504634,behavior_session_A
26,"[array([-0.00422039,  0.68289214,  0.01613747]), array([[  6.54004085e-04,  -8.24339516e-02,  -1.50983181e-05],
       [ -8.24339516e-02,   6.81067453e+01,  -1.06594029e-02],
       [ -1.50983181e-05,  -1.06594029e-02,   2.02711000e-05]])]","[array([ 0.01176989,  0.00021304]), array([[  6.39370833e-05,  -2.42799051e-06],
       [ -2.42799051e-06,   1.24512334e-07]])]",3,652844352,im062,0.000867844793188,0.00950160188169,behavior_session_A
27,"[array([  8.92266613e-03,   2.32028664e+01,  -2.40611620e-03]), array([[ inf,  inf,  inf],
       [ inf,  inf,  inf],
       [ inf,  inf,  inf]])]","[array([ 0.00373055, -0.00029595]), array([[  3.32773003e-05,  -1.23249261e-06],
       [ -1.23249261e-06,   6.16246309e-08]])]",3,652844352,im069,0.00543236351089,0.0351623524593,behavior_session_A
28,"[array([ -3.44545309e-02,   1.88680217e+01,   1.43880838e-02]), array([[  4.61014673e-04,   4.08529714e+03,  -1.18208890e-05],
       [  4.08529714e+03,   5.50636030e+13,  -4.08531024e+03],
       [ -1.18208890e-05,  -4.08531024e+03,   1.18208890e-05]])]","[array([  1.21751602e-02,   6.93107820e-05]), array([[  4.50066811e-05,  -1.70911453e-06],
       [ -1.70911453e-06,   8.76469008e-08]])]",3,652844352,im085,0.0651064498342,0.00144030853778,behavior_session_A
29,"[array([ 0.03514251,  4.17230813,  0.01860419]), array([[  4.64583779e-04,  -9.47758596e-03,  -1.19288766e-05],
       [ -9.47758596e-03,   1.58293851e+03,   2.23574073e-02],
       [ -1.19288766e-05,   2.23574073e-02,   1.19317122e-05]])]","[array([ 0.02216194, -0.00013669]), array([[  4.52606939e-05,  -1.71876053e-06],
       [ -1.71876053e-06,   8.81415659e-08]])]",3,652844352,im065,0.0670374148592,0.00554737823262,behavior_session_A
30,"[array([ 0.00976087,  0.2744693 ,  0.01594306]), array([[  4.32232165e-04,   1.07474410e-02,  -9.93173507e-06],
       [  1.07474410e-02,   1.11580028e+00,   2.35411436e-03],
       [ -9.93173507e-06,   2.35411436e-03,   2.34936710e-05]])]","[array([ 0.01294513,  0.00019347]), array([[  5.74574579e-05,  -2.07677555e-06],
       [ -2.07677555e-06,   1.01306123e-07]])]",3,652844352,im063,0.00737705919833,0.00915230724949,behavior_session_A
31,"[array([ 0.03121053,  3.08571086,  0.02528175]), array([[  9.10171367e-04,   1.20459832e-02,  -2.22592935e-05],
       [  1.20459832e-02,   4.45734127e+02,   1.63201281e-02],
       [ -2.22592935e-05,   1.63201281e-02,   2.23058743e-05]])]","[array([ 0.03295605, -0.00033637]), array([[  8.01575908e-05,  -2.89726228e-06],
       [ -2.89726228e-06,   1.41329865e-07]])]",3,652844352,im077,0.0267182831484,0.019621743513,behavior_session_A
32,"[array([-0.26442925,  0.08443364,  0.20390226]), array([[ 0.02389055,  0.00052528, -0.0073771 ],
       [ 0.00052528,  0.01976765, -0.01543983],
       [-0.0073771 , -0.01543983,  0.01580381]])]","[array([ 0.02889053,  0.00489264]), array([[  6.59636634e-03,  -2.44309858e-04],
       [ -2.44309858e-04,   1.22154928e-05]])]",4,652844352,im066,0.0715518101679,0.0478431553626,behavior_session_A
33,"[array([ -4.59952679e+00,   1.40673374e-03,   4.56148129e+00]), array([[  6.24387455e+04,   1.96436659e+01,  -6.24547840e+04],
       [  1.96436659e+01,   6.18039631e-03,  -1.96487438e+01],
       [ -6.24547840e+04,  -1.96487438e+01,   6.24708304e+04]])]","[array([-0.03688836,  0.00629168]), array([[  3.59700848e-03,  -1.33222536e-04],
       [ -1.33222536e-04,   6.66112683e-06]])]",4,652844352,im061,0.132237426662,0.132228940314,behavior_session_A
34,"[array([-0.37686704,  0.15038634,  0.25112607]), array([[ 0.05421963, -0.01752152, -0.00253172],
       [-0.01752152,  0.03702933, -0.01198783],
       [-0.00253172, -0.01198783,  0.0083016 ]])]","[array([ 0.09391386,  0.00461017]), array([[  1.17281516e-02,  -4.45372846e-04],
       [ -4.45372846e-04,   2.28396331e-05]])]",4,652844352,im062,0.0771290750317,0.0239030447672,behavior_session_A
35,"[array([-0.16242174,  0.04370856,  0.15505745]), array([[ 0.08503626,  0.04879396, -0.09362619],
       [ 0.04879396,  0.0399123 , -0.06673006],
       [-0.09362619, -0.06673006,  0.11874362]])]","[array([ 0.01533243,  0.00312646]), array([[  5.49920232e-03,  -2.03674155e-04],
       [ -2.03674155e-04,   1.01837077e-05]])]",4,652844352,im069,0.0265800910549,0.0240202287844,behavior_session_A
36,"[array([ -1.67602357e+02,   1.30998756e-05,   1.67603720e+02]), array([[  1.37843521e+12,   1.07764493e+05,  -1.37843522e+12],
       [  1.07764493e+05,   8.42490527e-03,  -1.07764494e+05],
       [ -1.37843522e+12,  -1.07764494e+05,   1.37843524e+12]])]","[array([ 0.00136374,  0.00219559]), array([[  7.89016207e-04,  -2.99626453e-05],
       [ -2.99626453e-05,   1.53654602e-06]])]",4,652844352,im085,0.0762588414716,0.0762644539977,behavior_session_A
37,"[array([-0.38446649,  0.01157719,  0.39424914]), array([[ 12.34614336,   0.47089324, -12.54688653],
       [  0.47089324,   0.01806279,  -0.47911828],
       [-12.54688653,  -0.47911828,  12.75485785]])]","[array([ 0.01505726,  0.00357305]), array([[  3.04247508e-03,  -1.15537026e-04],
       [ -1.15537026e-04,   5.92497564e-06]])]",4,652844352,im065,0.0537779699343,0.05366045155,behavior_session_A
38,"[array([-0.15804932,  0.08924375,  0.12951526]), array([[ 0.01444379, -0.00168653, -0.00322853],
       [-0.00168653,  0.03394539, -0.01370679],
       [-0.00322853, -0.01370679,  0.00762467]])]","[array([ 0.03041645,  0.0027347 ]), array([[  3.92662630e-03,  -1.41926254e-04],
       [ -1.41926254e-04,   6.92323196e-06]])]",4,652844352,im063,0.0426992279768,0.0262953024405,behavior_session_A
39,"[array([ -2.34720633e-02,   3.48470595e+01,   1.27448115e-02]), array([[  3.19685615e-04,   1.69595759e+05,  -7.99214033e-06],
       [  1.69595759e+05,   1.43955040e+17,  -1.69595759e+05],
       [ -7.99214033e-06,  -1.69595759e+05,   7.99214032e-06]])]","[array([ 0.01726654, -0.00025471]), array([[  2.89694709e-05,  -1.07294338e-06],
       [ -1.07294338e-06,   5.36471688e-08]])]",5,652844352,im066,0.0434103265436,0.0300760591269,behavior_session_A
40,"[array([  2.94327875e-03,   3.38912477e+01,   2.98030697e-03]), array([[  3.41651090e-04,  -3.04059855e+06,  -8.54127730e-06],
       [ -3.04059855e+06,   4.32967535e+19,   3.04059860e+06],
       [ -8.54127730e-06,   3.04059860e+06,   8.54127743e-06]])]","[array([ 0.01147947, -0.00042137]), array([[  2.80963040e-05,  -1.04060385e-06],
       [ -1.04060385e-06,   5.20301926e-08]])]",5,652844352,im061,0.000667233678556,0.080459155574,behavior_session_A
41,"[array([ 0.02521407,  0.18936419,  0.00712458]), array([[  2.81068736e-04,   1.81756233e-03,  -9.00778037e-06],
       [  1.81756233e-03,   5.83638672e-02,   7.54740753e-04],
       [ -9.00778037e-06,   7.54740753e-04,   2.75596581e-05]])]","[array([ 0.01327412, -0.00012808]), array([[  5.26574414e-05,  -1.99964968e-06],
       [ -1.99964968e-06,   1.02546138e-07]])]",5,652844352,im062,0.0711057726816,0.00419184575239,behavior_session_A
42,"[array([ 0.03736807,  0.13650619, -0.01051328]), array([[  1.48240853e-04,   4.24223275e-04,  -8.05405891e-06],
       [  4.24223275e-04,   9.03058017e-03,   3.48565415e-04],
       [ -8.05405891e-06,   3.48565415e-04,   2.65491812e-05]])]","[array([ 0.00881565, -0.00061063]), array([[  3.56630696e-05,  -1.32085442e-06],
       [ -1.32085442e-06,   6.60427208e-08]])]",5,652844352,im069,0.222646579479,0.126459349518,behavior_session_A
43,"[array([ 0.03462717,  0.17355155,  0.00893802]), array([[  1.48577520e-04,   6.31281607e-04,  -5.33917923e-06],
       [  6.31281607e-04,   1.44181043e-02,   3.11191885e-04],
       [ -5.33917923e-06,   3.11191885e-04,   1.70292245e-05]])]","[array([ 0.02385754, -0.00048674]), array([[  3.17132076e-05,  -1.20429902e-06],
       [ -1.20429902e-06,   6.17589243e-08]])]",5,652844352,im085,0.211305198252,0.0916938125335,behavior_session_A
44,"[array([ 0.03490293,  0.14398258, -0.00149315]), array([[  1.41584740e-04,   4.62319693e-04,  -7.32386246e-06],
       [  4.62319693e-04,   1.07323242e-02,   3.55109182e-04],
       [ -7.32386246e-06,   3.55109182e-04,   2.39111031e-05]])]","[array([ 0.01608252, -0.00056868]), array([[  3.35578808e-05,  -1.27434991e-06],
       [ -1.27434991e-06,   6.53512776e-08]])]",5,652844352,im065,0.21294796153,0.115219700365,behavior_session_A
45,"[array([ 0.03966778,  0.16672928,  0.00380226]), array([[  1.85380708e-04,   6.67941661e-04,  -6.24634879e-06],
       [  6.67941661e-04,   1.24948310e-02,   3.17008050e-04],
       [ -6.24634879e-06,   3.17008050e-04,   2.06148114e-05]])]","[array([ 0.02043818, -0.00051178]), array([[  3.91872702e-05,  -1.41640736e-06],
       [ -1.41640736e-06,   6.90930423e-08]])]",5,652844352,im063,0.212298456988,0.0865659429921,behavior_session_A
46,"[array([ 0.06636796,  0.16537321,  0.00591156]), array([[  2.63092298e-04,   5.61145608e-04,  -8.97084112e-06],
       [  5.61145608e-04,   6.26501092e-03,   2.70732345e-04],
       [ -8.97084112e-06,   2.70732345e-04,   2.96965432e-05]])]","[array([ 0.03673844, -0.00099852]), array([[  5.96755323e-05,  -2.15694697e-06],
       [ -2.15694697e-06,   1.05216926e-07]])]",5,652844352,im077,0.346666989032,0.191529035352,behavior_session_A
47,"[array([ 0.01431999,  0.14705334,  0.00505381]), array([[  1.44944003e-04,   1.21360162e-03,  -6.57652930e-06],
       [  1.21360162e-03,   6.52399766e-02,   8.16851869e-04],
       [ -6.57652930e-06,   8.16851869e-04,   2.19405413e-05]])]","[array([ 0.01012725, -0.00012628]), array([[  3.05406905e-05,  -1.13113668e-06],
       [ -1.13113668e-06,   5.65568334e-08]])]",6,652844352,im066,0.0422372548081,0.00717756271095,behavior_session_A
48,"[array([-0.02514404,  0.9932491 , -0.00113889]), array([[  2.59142223e-04,  -6.88861572e-03,  -6.09246174e-06],
       [ -6.88861572e-03,   2.03224465e+00,  -8.96715010e-04],
       [ -6.09246174e-06,  -8.96715010e-04,   7.06023542e-06]])]","[array([ 0.00326022, -0.00026866]), array([[  2.43921830e-05,  -9.03414190e-07],
       [ -9.03414190e-07,   4.51707099e-08]])]",6,652844352,im061,0.0659153670239,0.0393581071691,behavior_session_A
49,"[array([-0.02879508,  0.37154742,  0.00737208]), array([[  1.94575841e-04,  -2.17254927e-03,  -4.47502671e-06],
       [ -2.17254927e-03,   1.07806660e-01,  -3.80736294e-04],
       [ -4.47502671e-06,  -3.80736294e-04,   8.53405778e-06]])]","[array([-0.00237183,  0.00038073]), array([[  2.48090658e-05,  -9.42116407e-07],
       [ -9.42116407e-07,   4.83136615e-08]])]",6,652844352,im062,0.12938343331,0.0731773118853,behavior_session_A
50,"[array([-0.02851937,  0.45674722,  0.00689141]), array([[  1.25089906e-03,  -1.70158909e-02,  -2.74549507e-05],
       [ -1.70158909e-02,   1.10328314e+00,  -2.48268609e-03],
       [ -2.74549507e-05,  -2.48268609e-03,   4.58397957e-05]])]","[array([-0.00315689,  0.00040756]), array([[  1.35466651e-04,  -5.01728343e-06],
       [ -5.01728343e-06,   2.50864175e-07]])]",6,652844352,im069,0.0211963836416,0.0166942705665,behavior_session_A
51,"[array([  8.15432183e-04,   2.04388351e+01,   7.79683778e-03]), array([[  4.57748320e-04,  -1.65455976e+04,  -1.17371365e-05],
       [ -1.65455976e+04,   9.09706334e+14,   1.65462264e+04],
       [ -1.17371365e-05,   1.65462264e+04,   1.17371367e-05]])]","[array([ 0.0188568 , -0.00056613]), array([[  3.75092012e-05,  -1.42440003e-06],
       [ -1.42440003e-06,   7.30461552e-08]])]",6,652844352,im085,3.92853591403e-05,0.103513760788,behavior_session_A
52,"[array([ 0.19972341,  0.17221617,  0.03015611]), array([[ 0.00952011,  0.00695413, -0.00034557],
       [ 0.00695413,  0.02750226,  0.00347631],
       [-0.00034557,  0.00347631,  0.001105  ]])]","[array([ 0.125601  , -0.00327773]), array([[  1.87360332e-03,  -7.11494935e-05],
       [ -7.11494935e-05,   3.64869199e-06]])]",6,652844352,im065,0.121988869902,0.0719141403742,behavior_session_A
53,"[array([ -2.12107078e-02,   1.79663856e+01,   1.20729129e-02]), array([[  5.19938749e-04,   2.78257258e+03,  -1.26814329e-05],
       [  2.78257258e+03,   2.50331873e+13,  -2.78259640e+03],
       [ -1.26814329e-05,  -2.78259640e+03,   1.26814329e-05]])]","[array([  1.25614018e-02,  -4.84636945e-05]), array([[  4.64352485e-05,  -1.67838247e-06],
       [ -1.67838247e-06,   8.18723152e-08]])]",6,652844352,im063,0.0217178166394,0.000716678824911,behavior_session_A
54,"[array([ 0.03812958,  0.06250607, -0.00226105]), array([[ 0.0003091 , -0.00068166, -0.00022869],
       [-0.00068166,  0.0078855 ,  0.00159001],
       [-0.00022869,  0.00159001,  0.00037107]])]","[array([ 0.02707143, -0.00075292]), array([[  6.62731551e-05,  -2.39541526e-06],
       [ -2.39541526e-06,   1.16849526e-07]])]",6,652844352,im077,0.129714922903,0.108165661661,behavior_session_A
55,"[array([ -1.68786361e-02,   3.22588140e+01,   1.54517065e-02]), array([[ inf,  inf,  inf],
       [ inf,  inf,  inf],
       [ inf,  inf,  inf]])]","[array([ 0.01132572,  0.00018572]), array([[  3.21892597e-05,  -1.19219480e-06],
       [ -1.19219480e-06,   5.96097399e-08]])]",7,652844352,im066,0.0205239652534,0.0146190364946,behavior_session_A
56,"[array([ -4.29970206e-02,   1.93912715e+01,  -9.21251795e-04]), array([[  3.45930032e-04,   9.22649793e+03,  -8.64824734e-06],
       [  9.22649793e+03,   3.93737411e+14,  -9.22650894e+03],
       [ -8.64824734e-06,  -9.22650894e+03,   8.64825035e-06]])]","[array([-0.01274906,  0.00053896]), array([[  3.12456262e-05,  -1.15724543e-06],
       [ -1.15724543e-06,   5.78622717e-08]])]",7,652844352,im061,0.123365802543,0.114040432795,behavior_session_A
57,"[array([ -2.32506525e-02,   2.67689006e+01,   6.80178973e-03]), array([[ inf,  inf,  inf],
       [ inf,  inf,  inf],
       [ inf,  inf,  inf]])]","[array([ 0.01253908, -0.00032403]), array([[  2.63873202e-05,  -1.00205013e-06],
       [ -1.00205013e-06,   5.13871860e-08]])]",7,652844352,im062,0.0480578149782,0.0510250326613,behavior_session_A
58,"[array([-0.00673234,  0.96534296, -0.00475109]), array([[  2.68458611e-04,  -2.62952480e-02,  -6.28844946e-06],
       [ -2.62952480e-02,   2.71634986e+01,  -3.38878937e-03],
       [ -6.28844946e-06,  -3.38878937e-03,   7.35372168e-06]])]","[array([ -3.50953723e-03,  -7.53378571e-05]), array([[  2.46744203e-05,  -9.13867420e-07],
       [ -9.13867420e-07,   4.56933715e-08]])]",7,652844352,im069,0.00488527835903,0.00317488252035,behavior_session_A
59,"[array([  1.29409849e-02,   3.86985839e-01,  -2.96932662e-04]), array([[  1.86878644e-04,   4.81934391e-03,  -4.27693581e-06],
       [  4.81934391e-03,   5.59010824e-01,   8.17145642e-04],
       [ -4.27693581e-06,   8.17145642e-04,   7.93724816e-06]])]","[array([  1.49497573e-03,  -4.01911255e-05]), array([[  2.26541281e-05,  -8.60283353e-07],
       [ -8.60283353e-07,   4.41170952e-08]])]",7,652844352,im085,0.030204162459,0.000962612559161,behavior_session_A
60,"[array([ 0.12358039,  0.27011209,  0.00441379]), array([[  4.89208048e-04,   9.37948574e-04,  -1.22001318e-05],
       [  9.37948574e-04,   7.76366794e-03,   2.27633210e-04],
       [ -1.22001318e-05,   2.27633210e-04,   2.91899090e-05]])]","[array([ 0.04808024, -0.00156998]), array([[  1.10934348e-04,  -4.21269675e-06],
       [ -4.21269675e-06,   2.16035730e-07]])]",7,652844352,im065,0.523367841963,0.230915634821,behavior_session_A
61,"[array([ 0.01842658,  0.15997429,  0.00595038]), array([[  1.77463587e-04,   1.30910438e-03,  -6.37650876e-06],
       [  1.30910438e-03,   5.24297856e-02,   6.77357320e-04],
       [ -6.37650876e-06,   6.77357320e-04,   2.13402382e-05]])]","[array([  1.04979345e-02,  -7.72410811e-05]), array([[  3.52010456e-05,  -1.27232697e-06],
       [ -1.27232697e-06,   6.20647304e-08]])]",7,652844352,im063,0.0567233382508,0.00239744895955,behavior_session_A
62,"[array([  1.99101025e-02,   2.31378475e+01,   8.03870242e-03]), array([[ inf,  inf,  inf],
       [ inf,  inf,  inf],
       [ inf,  inf,  inf]])]","[array([  1.03731209e-02,  -9.07496766e-05]), array([[  3.19452669e-05,  -1.15464820e-06],
       [ -1.15464820e-06,   5.63243024e-08]])]",7,652844352,im077,0.027734527344,0.00364208201999,behavior_session_A
63,"[array([ 0.04412684,  0.36881266,  0.01039587]), array([[  2.02244351e-04,   1.46849985e-03,  -4.50287065e-06],
       [  1.46849985e-03,   4.67363195e-02,   2.49595818e-04],
       [ -4.50287065e-06,   2.49595818e-04,   8.63105804e-06]])]","[array([ 0.02249191, -0.00043034]), array([[  2.89927651e-05,  -1.07380612e-06],
       [ -1.07380612e-06,   5.36903059e-08]])]",8,652844352,im066,0.247117144809,0.0812549042948,behavior_session_A
64,"[array([  3.87177729e-02,   5.52373844e+00,   2.04443548e-03]), array([[  2.78328476e-04,  -3.70942412e-02,  -6.96096275e-06],
       [ -3.70942412e-02,   1.10837597e+04,   4.41035918e-02],
       [ -6.96096275e-06,   4.41035918e-02,   6.96107844e-06]])]","[array([ 0.00723956, -0.00021235]), array([[  2.77776324e-05,  -1.02880120e-06],
       [ -1.02880120e-06,   5.14400599e-08]])]",8,652844352,im061,0.124189606994,0.0219829688974,behavior_session_A
65,"[array([ -8.72817919e-04,   2.72306500e+01,   1.96548698e-03]), array([[ inf,  inf,  inf],
       [ inf,  inf,  inf],
       [ inf,  inf,  inf]])]","[array([ 0.00866253, -0.00034456]), array([[  4.05451058e-05,  -1.53968756e-06],
       [ -1.53968756e-06,   7.89583363e-08]])]",8,652844352,im062,4.46776512303e-05,0.0380617196903,behavior_session_A
66,"[array([  8.32725791e-04,   1.59285212e+01,  -4.27567587e-03]), array([[  5.52668982e-04,  -9.47122531e+03,  -1.38167248e-05],
       [ -9.47122531e+03,   2.59737839e+14,   9.47194883e+03],
       [ -1.38167248e-05,   9.47194883e+03,   1.38167250e-05]])]","[array([ 0.00159977, -0.00029276]), array([[  4.82085133e-05,  -1.78550046e-06],
       [ -1.78550046e-06,   8.92750224e-08]])]",8,652844352,im069,3.30404919938e-05,0.0240247263484,behavior_session_A
67,"[array([  3.70489035e-02,   2.37312471e-01,  -1.26772723e-04]), array([[  1.07207401e-04,   6.01514033e-04,  -2.84818057e-06],
       [  6.01514033e-04,   1.49394018e-02,   1.73157369e-04],
       [ -2.84818057e-06,   1.73157369e-04,   7.49736747e-06]])]","[array([ 0.01130234, -0.00036128]), array([[  2.17374040e-05,  -8.25471050e-07],
       [ -8.25471050e-07,   4.23318491e-08]])]",8,652844352,im085,0.308929924898,0.0750511819998,behavior_session_A
68,"[array([ 0.10400767,  0.4431796 ,  0.00476269]), array([[  1.93764878e-04,   7.01710341e-04,  -4.39172920e-06],
       [  7.01710341e-04,   1.20548489e-02,   1.07996856e-04],
       [ -4.39172920e-06,   1.07996856e-04,   7.47075215e-06]])]","[array([ 0.03015322, -0.00092962]), array([[  5.12311630e-05,  -1.94548721e-06],
       [ -1.94548721e-06,   9.97685751e-08]])]",8,652844352,im065,0.65658648621,0.185632580851,behavior_session_A
69,"[array([ 0.04071553,  0.2106524 ,  0.00820578]), array([[  2.86342403e-04,   1.30490470e-03,  -7.52997694e-06],
       [  1.30490470e-03,   2.62883633e-02,   4.07746099e-04],
       [ -7.52997694e-06,   4.07746099e-04,   2.16684755e-05]])]","[array([ 0.02143371, -0.00039634]), array([[  5.09936580e-05,  -1.84314427e-06],
       [ -1.84314427e-06,   8.99094765e-08]])]",8,652844352,im063,0.160963295294,0.0418508837057,behavior_session_A
70,"[array([ 0.07022157,  0.47370408,  0.0047457 ]), array([[  3.10474229e-04,   1.77520265e-03,  -6.61133611e-06],
       [  1.77520265e-03,   4.88817336e-02,   2.45349645e-04],
       [ -6.61133611e-06,   2.45349645e-04,   1.07970961e-05]])]","[array([ 0.02108063, -0.00058067]), array([[  4.41496283e-05,  -1.59576971e-06],
       [ -1.59576971e-06,   7.78424250e-08]])]",8,652844352,im077,0.339502693445,0.0977072643616,behavior_session_A
71,"[array([-0.01934647,  0.86220641,  0.01585357]), array([[  2.00468130e-04,  -6.42743075e-03,  -4.62651643e-06],
       [ -6.42743075e-03,   1.80425321e+00,  -8.05514670e-04],
       [ -4.62651643e-06,  -8.05514670e-04,   5.63026755e-06]])]","[array([ 0.01285646,  0.00010902]), array([[  1.94872913e-05,  -7.21751524e-07],
       [ -7.21751524e-07,   3.60875760e-08]])]",9,652844352,im066,0.0525535594254,0.00837422953539,behavior_session_A
72,"[array([-0.02671999,  1.38196022,  0.00376928]), array([[  3.20682036e-04,  -8.96856225e-03,  -7.82722823e-06],
       [ -8.96856225e-03,   6.00408924e+00,  -1.45960894e-03],
       [ -7.82722823e-06,  -1.45960894e-03,   8.35389200e-06]])]","[array([ 0.00632432, -0.00017126]), array([[  3.01946146e-05,  -1.11831906e-06],
       [ -1.11831906e-06,   5.59159528e-08]])]",9,652844352,im061,0.0576202628808,0.0132714300381,behavior_session_A
73,"[array([-0.02425299,  0.46832363,  0.00616419]), array([[  3.01455953e-04,  -4.91075709e-03,  -6.82329128e-06],
       [ -4.91075709e-03,   3.90137019e-01,  -7.30723053e-04],
       [ -6.82329128e-06,  -7.30723053e-04,   1.12214008e-05]])]","[array([  4.12065006e-03,   2.16476036e-05]), array([[  3.51306589e-05,  -1.33407562e-06],
       [ -1.33407562e-06,   6.84141321e-08]])]",9,652844352,im062,0.0622116469807,0.000180223750735,behavior_session_A
74,"[array([  2.99498781e-03,   2.77473649e+01,  -5.05597133e-03]), array([[ inf,  inf,  inf],
       [ inf,  inf,  inf],
       [ inf,  inf,  inf]])]","[array([ 0.00130767, -0.00031453]), array([[  1.57203524e-05,  -5.82235291e-07],
       [ -5.82235291e-07,   2.91117649e-08]])]",9,652844352,im069,0.00123520204761,0.0801505450002,behavior_session_A
75,"[array([-0.03247068,  1.34961659,  0.01464678]), array([[  2.55214769e-04,  -5.81887342e-03,  -6.38137019e-06],
       [ -5.81887342e-03,   2.99855968e+00,  -9.54325439e-04],
       [ -6.38137019e-06,  -9.54325439e-04,   6.84151000e-06]])]","[array([ 0.01969086, -0.00031488]), array([[  2.48928423e-05,  -9.45297809e-07],
       [ -9.45297809e-07,   4.84768108e-08]])]",9,652844352,im085,0.104602970669,0.051073274451,behavior_session_A
76,"[array([-0.02713084,  1.5399296 ,  0.02165741]), array([[  6.82323276e-03,  -1.89502375e-01,  -1.72482743e-04],
       [ -1.89502375e-01,   1.78425423e+02,  -3.60102200e-02],
       [ -1.72482743e-04,  -3.60102200e-02,   1.80793025e-04]])]","[array([ 0.0112317 ,  0.00049038]), array([[  6.24578602e-04,  -2.37181745e-05],
       [ -2.37181745e-05,   1.21631663e-06]])]",9,652844352,im065,0.0029952691389,0.00517577922298,behavior_session_A
77,"[array([ -8.01464878e-03,   2.39851835e+01,   1.00966803e-02]), array([[ inf,  inf,  inf],
       [ inf,  inf,  inf],
       [ inf,  inf,  inf]])]","[array([ 0.01991438, -0.00048822]), array([[  2.08582755e-05,  -7.53913575e-07],
       [ -7.53913575e-07,   3.67762722e-08]])]",9,652844352,im063,0.00594479513462,0.139439528485,behavior_session_A
78,"[array([ -1.27830412e-03,   2.75577405e+01,   1.40540488e-02]), array([[ inf,  inf,  inf],
       [ inf,  inf,  inf],
       [ inf,  inf,  inf]])]","[array([ 0.02185206, -0.00038188]), array([[  2.43523508e-05,  -8.80205449e-07],
       [ -8.80205449e-07,   4.29368510e-08]])]",9,652844352,im077,0.000138739182609,0.0782635838753,behavior_session_A
79,"[array([-0.0601818 ,  0.85358107,  0.01873759]), array([[  2.14655695e-04,  -2.19989187e-03,  -4.94766881e-06],
       [ -2.19989187e-03,   1.94529970e-01,  -2.75286481e-04],
       [ -4.94766881e-06,  -2.75286481e-04,   6.04320695e-06]])]","[array([ 0.00382705,  0.00061769]), array([[  2.47040693e-05,  -9.14965543e-07],
       [ -9.14965543e-07,   4.57482777e-08]])]",10,652844352,im066,0.334344496979,0.176172800173,behavior_session_A
80,"[array([ -8.77475164e-02,   2.36475627e+00,   1.53434458e-03]), array([[  1.24289948e-04,  -9.47597972e-04,  -3.11371034e-06],
       [ -9.47597972e-04,   1.79076775e+00,  -4.13151433e-04],
       [ -3.11371034e-06,  -4.13151433e-04,   3.14144266e-06]])]","[array([-0.00653698,  0.00028546]), array([[  2.81694991e-05,  -1.04331477e-06],
       [ -1.04331477e-06,   5.21657379e-08]])]",10,652844352,im061,0.620758321624,0.0385105905915,behavior_session_A
81,"[array([-0.06626377,  0.57655188,  0.00682519]), array([[  2.46330871e-04,  -1.74233745e-03,  -5.60710606e-06],
       [ -1.74233745e-03,   6.90053140e-02,  -2.35221547e-04],
       [ -5.60710606e-06,  -2.35221547e-04,   8.19428371e-06]])]","[array([-0.00531389,  0.00042863]), array([[  3.76007835e-05,  -1.42787787e-06],
       [ -1.42787787e-06,   7.32245070e-08]])]",10,652844352,im062,0.369663551452,0.0619387624657,behavior_session_A
82,"[array([ -5.12979429e-02,   9.99433501e-01,  -3.52517024e-05]), array([[  2.66945317e-04,  -3.48797570e-03,  -6.28059574e-06],
       [ -3.48797570e-03,   5.11288138e-01,  -4.55057851e-04],
       [ -6.28059574e-06,  -4.55057851e-04,   7.26495689e-06]])]","[array([-0.00564925,  0.0001817 ]), array([[  3.09176611e-05,  -1.14509856e-06],
       [ -1.14509856e-06,   5.72549278e-08]])]",10,652844352,im069,0.221669248755,0.014570260852,behavior_session_A
83,"[array([-0.06042103,  1.80712709,  0.01279796]), array([[  2.53745925e-04,  -3.14116741e-03,  -6.47462146e-06],
       [ -3.14116741e-03,   2.40303721e+00,  -7.59587045e-04],
       [ -6.47462146e-06,  -7.59587045e-04,   6.65413380e-06]])]","[array([ 0.00889763,  0.00010734]), array([[  3.22538234e-05,  -1.22482874e-06],
       [ -1.22482874e-06,   6.28117296e-08]])]",10,652844352,im085,0.283270663075,0.00480444576696,behavior_session_A
84,"[array([ 0.0212751 ,  0.13101045,  0.0152229 ]), array([[  1.06552792e-04,   4.84540033e-04,  -7.11170141e-06],
       [  4.84540033e-04,   1.97645919e-02,   4.91674075e-04],
       [ -7.11170141e-06,   4.91674075e-04,   2.24948849e-05]])]","[array([ 0.02827506, -0.00044839]), array([[  2.43331778e-05,  -9.24044731e-07],
       [ -9.24044731e-07,   4.73869094e-08]])]",10,652844352,im065,0.114442403074,0.100437718798,behavior_session_A
85,"[array([ -2.98570406e-02,   4.48416527e+01,   2.01232989e-02]), array([[ inf,  inf,  inf],
       [ inf,  inf,  inf],
       [ inf,  inf,  inf]])]","[array([ 0.03231198, -0.00062925]), array([[  4.23970212e-05,  -1.53242246e-06],
       [ -1.53242246e-06,   7.47523153e-08]])]",10,652844352,im063,0.0416500124931,0.116936303157,behavior_session_A
86,"[array([ 0.03442711,  0.6457523 ,  0.01250403]), array([[  2.96357631e-04,   4.42657401e-03,  -6.42886007e-06],
       [  4.42657401e-03,   4.02876084e-01,   5.42970740e-04],
       [ -6.42886007e-06,   5.42970740e-04,   8.86403590e-06]])]","[array([ 0.0189034 , -0.00022812]), array([[  3.10066297e-05,  -1.12072156e-06],
       [ -1.12072156e-06,   5.46693446e-08]])]",10,652844352,im077,0.109289124623,0.0232429066518,behavior_session_A
87,"[array([ 0.01032032,  0.08042823,  0.01078378]), array([[  8.41330323e-05,  -1.73187873e-04,  -3.12009902e-05],
       [ -1.73187873e-04,   4.36631122e-02,   1.47219322e-03],
       [ -3.12009902e-05,   1.47219322e-03,   6.33161754e-05]])]","[array([ 0.01782789, -0.00019537]), array([[  2.26618536e-05,  -8.39327906e-07],
       [ -8.39327906e-07,   4.19663953e-08]])]",11,652844352,im066,0.0324972955271,0.0227886197137,behavior_session_A
88,"[array([  4.41631251e-02,   2.16851876e+01,   6.11039743e-04]), array([[  2.18088914e-04,  -2.06226249e+04,  -5.45222148e-06],
       [ -2.06226249e+04,   3.12014515e+15,   2.06226320e+04],
       [ -5.45222148e-06,   2.06226320e+04,   5.45222224e-06]])]","[array([ 0.00875157, -0.00035317]), array([[  2.23542167e-05,  -8.27933956e-07],
       [ -8.27933956e-07,   4.13966980e-08]])]",11,652844352,im061,0.1906050556,0.0717159587206,behavior_session_A
89,"[array([ 0.01831418,  0.11562473,  0.00309832]), array([[  1.06798851e-04,   4.16347867e-04,  -1.07960339e-05],
       [  4.16347867e-04,   2.40274787e-02,   6.79890048e-04],
       [ -1.07960339e-05,   6.79890048e-04,   3.12959444e-05]])]","[array([ 0.01276809, -0.00028296]), array([[  2.73249274e-05,  -1.03765547e-06],
       [ -1.03765547e-06,   5.32131012e-08]])]",11,652844352,im062,0.0834343936347,0.0380873565487,behavior_session_A
90,"[array([  2.85220610e-02,   2.42219485e+01,  -1.12388045e-02]), array([[ inf,  inf,  inf],
       [ inf,  inf,  inf],
       [ inf,  inf,  inf]])]","[array([-0.00622324, -0.000216  ]), array([[  3.28177591e-05,  -1.21547255e-06],
       [ -1.21547255e-06,   6.07736266e-08]])]",11,652844352,im069,0.0572111654527,0.0193038315653,behavior_session_A
91,"[array([ -1.25389530e-02,   2.26791537e+01,   1.90571853e-02]), array([[  3.11103379e-04,   2.28004038e+05,  -7.97700977e-06],
       [  2.28004038e+05,   2.54161381e+17,  -2.28004039e+05],
       [ -7.97700977e-06,  -2.28004039e+05,   7.97700980e-06]])]","[array([ 0.02483937, -0.0003126 ]), array([[  2.75032966e-05,  -1.04442899e-06],
       [ -1.04442899e-06,   5.35604615e-08]])]",11,652844352,im085,0.013483605326,0.0458119465576,behavior_session_A
92,"[array([ 0.03651786,  0.51354876,  0.03085896]), array([[  1.22995875e-03,   1.43853762e-02,  -2.78560514e-05],
       [  1.43853762e-02,   8.66700847e-01,   2.03769277e-03],
